2.500000000000000052e-03 1.265700000000000047e+00
8.043043043043042808e-03 7.119407796072713124e-01
1.358608608608608513e-02 4.886930786443713925e-01
1.912912912912912572e-02 3.669163536331937481e-01
2.467217217217216804e-02 2.910274526717361310e-01
3.021521521521521036e-02 2.393973843586738592e-01
3.575825825825825616e-02 2.020768470879122092e-01
4.130130130130130195e-02 1.739037607453861600e-01
4.684434434434434080e-02 1.519296052185959145e-01
5.238738738738737966e-02 1.343391806224074614e-01
5.793043043043042545e-02 1.199593797624476238e-01
6.347347347347347124e-02 1.080013818907333972e-01
6.901651651651651009e-02 9.791471476696564369e-02
7.455955955955954895e-02 8.930314581888974812e-02
8.010260260260260168e-02 8.187436627180132154e-02
8.564564564564564053e-02 7.540807413326813813e-02
9.118868868868867938e-02 6.973508331499894686e-02
9.673173173173171824e-02 6.472331998975749956e-02
1.022747747747747571e-01 6.026832047218998872e-02
1.078178178178178098e-01 5.628655583710392984e-02
1.133608608608608487e-01 5.271017301859318854e-02
1.189039039039038875e-01 4.948345832837600794e-02
1.244469469469469403e-01 4.656025972271762153e-02
1.299899899899899791e-01 4.390203703690351289e-02
1.355330330330330180e-01 4.147636889111895597e-02
1.410760760760760568e-01 3.925579635568963305e-02
1.466191191191190957e-01 3.721691779286185470e-02
1.521621621621621345e-01 3.533966660500472562e-02
1.577052052052052011e-01 3.360674500560430905e-02
1.632482482482482400e-01 3.200317572680192596e-02
1.687912912912912788e-01 3.051593044971227450e-02
1.743343343343343177e-01 2.913362665168706123e-02
1.798773773773773565e-01 2.784627898354028949e-02
1.854204204204203954e-01 2.664509410303835674e-02
1.909634634634634343e-01 2.552230038429826806e-02
1.965065065065064731e-01 2.447100580229976882e-02
2.020495495495495120e-01 2.348507872086208828e-02
2.075925925925925786e-01 2.255904740793328311e-02
2.131356356356356174e-01 2.168801494820763592e-02
2.186786786786786563e-01 2.086758587122862496e-02
2.242217217217216951e-01 2.009378232499264144e-02
2.297647647647647340e-01 1.936299839005984139e-02
2.353078078078077728e-01 1.867198095946064756e-02
2.408508508508508117e-01 1.801778905911053871e-02
2.463938938938938783e-01 1.739775765128684371e-02
2.519369369369369172e-01 1.680946633877663035e-02
2.574799799799799560e-01 1.625071221440851227e-02
2.630230230230229949e-01 1.571948623068410503e-02
2.685660660660660337e-01 1.521395256960256584e-02
2.741091091091090726e-01 1.473243057859895122e-02
2.796521521521521114e-01 1.427337890873989733e-02
2.851951951951951503e-01 1.383538154902753947e-02
2.907382382382381891e-01 1.341713549828114915e-02
2.962812812812812280e-01 1.301743985552079354e-02
3.018243243243242668e-01 1.263518614258931326e-02
3.073673673673673057e-01 1.226934970013987547e-02
3.129104104104104001e-01 1.191898202106328464e-02
3.184534534534534389e-01 1.158320390471509823e-02
3.239964964964964778e-01 1.126119933156933921e-02
3.295395395395395166e-01 1.095220920527923206e-02
3.350825825825825555e-01 1.065552442938557179e-02
3.406256256256255943e-01 1.037048425423292217e-02
3.461686686686686332e-01 1.009647299364724304e-02
3.517117117117116720e-01 9.832916293943581854e-03
3.572547547547547109e-01 9.579277765551235876e-03
3.627977977977977497e-01 9.335055936912986518e-03
3.683408408408407886e-01 9.099781495354774055e-03
3.738838838838838274e-01 8.873014783966768487e-03
3.794269269269268663e-01 8.654343527288683308e-03
3.849699699699699051e-01 8.443380761841142584e-03
3.905130130130129440e-01 8.239762950364734259e-03
3.960560560560559829e-01 8.043148261080056843e-03
4.015990990990990217e-01 7.853214995419469796e-03
4.071421421421421161e-01 7.669660149547226184e-03
4.126851851851851549e-01 7.492198096618244915e-03
4.182282282282281938e-01 7.320559378157129662e-03
4.237712712712712326e-01 7.154489594197347563e-03
4.293143143143142715e-01 6.993748382926759030e-03
4.348573573573573103e-01 6.838108481561751273e-03
4.404004004004003492e-01 6.687354861033723008e-03
4.459434434434433880e-01 6.541283927833935717e-03
4.514864864864864269e-01 6.399702787037855195e-03
4.570295295295294657e-01 6.262428561129709977e-03
4.625725725725725046e-01 6.129287759780135264e-03
4.681156156156155435e-01 6.000115696204399128e-03
4.736586586586585823e-01 5.874755946151017511e-03
4.792017017017016212e-01 5.753059845947890334e-03
4.847447447447446600e-01 5.634886026370635251e-03
4.902877877877877544e-01 5.520099884115444583e-03
4.958308308308307932e-01 5.408572548870791211e-03
5.013738738738737766e-01 5.300181009369960700e-03
5.069169169169167599e-01 5.194808141523617889e-03
5.124599599599598543e-01 5.092342367497379452e-03
5.180030030030028376e-01 4.992677335912215630e-03
5.235460460460459320e-01 4.895711623784682401e-03
5.290890890890889153e-01 4.801348458507669753e-03
5.346321321321320097e-01 4.709495458322339456e-03
5.401751751751751041e-01 4.620064389866853326e-03
5.457182182182180874e-01 4.532970941509668721e-03
5.512612612612611818e-01 4.448134511285272222e-03
5.568043043043041651e-01 4.365478008350420942e-03
5.623473473473472595e-01 4.284927666969005206e-03
5.678903903903902428e-01 4.206412872116301570e-03
5.734334334334333372e-01 4.129865995867183781e-03
5.789764764764763205e-01 4.055222243801328771e-03
5.845195195195194149e-01 3.982419510719596017e-03
5.900625625625623982e-01 3.911398245021949736e-03
5.956056056056054926e-01 3.842101321148714936e-03
6.011486486486484759e-01 3.774473919533314053e-03
6.066916916916915703e-01 3.708463413557484215e-03
6.122347347347345536e-01 3.644019263038735402e-03
6.177777777777776480e-01 3.581092913815817416e-03
6.233208208208207424e-01 3.519637703030008714e-03
6.288638638638637257e-01 3.459608769730695282e-03
6.344069069069068201e-01 3.400962970460417751e-03
6.399499499499498034e-01 3.343658799500299952e-03
6.454929929929928978e-01 3.287656313479582048e-03
6.510360360360358811e-01 3.232917060074398229e-03
6.565790790790789755e-01 3.179404010540388265e-03
6.621221221221219588e-01 3.127081495841957642e-03
6.676651651651650532e-01 3.075915146157265790e-03
6.732082082082080365e-01 3.025871833553795721e-03
6.787512512512511309e-01 2.976919617642902714e-03
6.842942942942941142e-01 2.929027694035404514e-03
6.898373373373372086e-01 2.882166345431783246e-03
6.953803803803801920e-01 2.836306895192138976e-03
7.009234234234232863e-01 2.791421663241028597e-03
7.064664664664662697e-01 2.747483924172104078e-03
7.120095095095093640e-01 2.704467867426165080e-03
7.175525525525524584e-01 2.662348559424507297e-03
7.230955955955954417e-01 2.621101907547075931e-03
7.286386386386385361e-01 2.580704625851913767e-03
7.341816816816815194e-01 2.541134162999934311e-03
7.397247247247246138e-01 2.502368527890665682e-03
7.452677677677675971e-01 2.464386410884726684e-03
7.508108108108106915e-01 2.427167214754691934e-03
7.563538538538536748e-01 2.390691025629524888e-03
7.618968968968967692e-01 2.354938585328713880e-03
7.674399399399397526e-01 2.319891265021753381e-03
7.729829829829828469e-01 2.285531040139687949e-03
7.785260260260258303e-01 2.251840466470081490e-03
7.840690690690689246e-01 2.218802657370973382e-03
7.896121121121119080e-01 2.186401262043422260e-03
7.951551551551550023e-01 2.154620444805827473e-03
8.006981981981979857e-01 2.123444865316815536e-03
8.062412412412410800e-01 2.092859659696482202e-03
8.117842842842841744e-01 2.062850422498964820e-03
8.173273273273271577e-01 2.033403189492039714e-03
8.228703703703702521e-01 2.004504421201936878e-03
8.284134134134132355e-01 1.976140987184293440e-03
8.339564564564563298e-01 1.948300150984065993e-03
8.394994994994993132e-01 1.920969555749717098e-03
8.450425425425424075e-01 1.894137210468706213e-03
8.505855855855853909e-01 1.867791476793378373e-03
8.561286286286284852e-01 1.841921056427951123e-03
8.616716716716714686e-01 1.816514979049057513e-03
8.672147147147145629e-01 1.791562590733738634e-03
8.727577577577575463e-01 1.767053542870298611e-03
8.783008008008006406e-01 1.742977781528736413e-03
8.838438438438436240e-01 1.719325537268780093e-03
8.893868868868867184e-01 1.696087315364679018e-03
8.949299299299298127e-01 1.673253886427131546e-03
9.004729729729727961e-01 1.650816277403644589e-03
9.060160160160158904e-01 1.628765762939749038e-03
9.115590590590588738e-01 1.607093857084332953e-03
9.171021021021019681e-01 1.585792305323248602e-03
9.226451451451449515e-01 1.564853076926211008e-03
9.281881881881880458e-01 1.544268357592745678e-03
9.337312312312310292e-01 1.524030542383712382e-03
9.392742742742741235e-01 1.504132228925517253e-03
9.448173173173171069e-01 1.484566210874992262e-03
9.503603603603602012e-01 1.465325471633270159e-03
9.559034034034031846e-01 1.446403178297779504e-03
9.614464464464462790e-01 1.427792675841883753e-03
9.669894894894892623e-01 1.409487481512314896e-03
9.725325325325323567e-01 1.391481279434969923e-03
9.780755755755754510e-01 1.373767915420105084e-03
9.836186186186184344e-01 1.356341391958431914e-03
9.891616616616615287e-01 1.339195863400017335e-03
9.947047047047045121e-01 1.322325631308263975e-03
1.000247747747747606e+00 1.305725139981623499e-03
1.005790790790790590e+00 1.289388972136062874e-03
1.011333833833833573e+00 1.273311844741613526e-03
1.016876876876876779e+00 1.257488605006638503e-03
1.022419919919919762e+00 1.241914226503817217e-03
1.027962962962962745e+00 1.226583805431965537e-03
1.033506006006005729e+00 1.211492557008351113e-03
1.039049049049048934e+00 1.196635811986056881e-03
1.044592092092091917e+00 1.182009013291565689e-03
1.050135135135134901e+00 1.167607712777644175e-03
1.055678178178177884e+00 1.153427568087018237e-03
1.061221221221221089e+00 1.139464339622473562e-03
1.066764264264264073e+00 1.125713887619208793e-03
1.072307307307307056e+00 1.112172169315440388e-03
1.077850350350350261e+00 1.098835236217470326e-03
1.083393393393393245e+00 1.085699231455584815e-03
1.088936436436436228e+00 1.072760387227263568e-03
1.094479479479479211e+00 1.060015020712388057e-03
1.100022522522522417e+00 1.047459522034104463e-03
1.105565565565565400e+00 1.035090359306535058e-03
1.111108608608608384e+00 1.022904081585234923e-03
1.116651651651651367e+00 1.010897316647391001e-03
1.122194694694694572e+00 9.990667688233349168e-04
1.127737737737737556e+00 9.874092168985922589e-04
1.133280780780780539e+00 9.759215120837837253e-04
1.138823823823823522e+00 9.646005760499096237e-04
1.144366866866866728e+00 9.534433990265122434e-04
1.149909909909909711e+00 9.424470379604198665e-04
1.155452952952952694e+00 9.316086147328667176e-04
1.160995995995995900e+00 9.209253144328208816e-04
1.166539039039038883e+00 9.103943836844551095e-04
1.172082082082081866e+00 9.000131290268677123e-04
1.177625125125124850e+00 8.897789153440743316e-04
1.183168168168168055e+00 8.796891643435613426e-04
1.188711211211211038e+00 8.697413530815870184e-04
1.194254254254254022e+00 8.599330125336276812e-04
1.199797297297297005e+00 8.502617262083360297e-04
1.205340340340340211e+00 8.407251288034989656e-04
1.210883383383383194e+00 8.313209049025259336e-04
1.216426426426426177e+00 8.220467877100406376e-04
1.221969469469469161e+00 8.129005578252485303e-04
1.227512512512512366e+00 8.038800420517317608e-04
1.233055555555555349e+00 7.949831122424785238e-04
1.238598598598598333e+00 7.862076841788885953e-04
1.244141641641641538e+00 7.775517164826419025e-04
1.249684684684684521e+00 7.690132095592995239e-04
1.255227727727727505e+00 7.605902045725483618e-04
1.260770770770770488e+00 7.522807824481101292e-04
1.266313813813813693e+00 7.440830629062905122e-04
1.271856856856856677e+00 7.359952035222112670e-04
1.277399899899899660e+00 7.280153988128441195e-04
1.282942942942942643e+00 7.201418793499235948e-04
1.288485985985985849e+00 7.123729108979367933e-04
1.294029029029028832e+00 7.047067935763271949e-04
1.299572072072071816e+00 6.971418610451530096e-04
1.305115115115114799e+00 6.896764797134385299e-04
1.310658158158158004e+00 6.823090479694927197e-04
1.316201201201200988e+00 6.750379954324656987e-04
1.321744244244243971e+00 6.678617822245147160e-04
1.327287287287286954e+00 6.607788982628711979e-04
1.332830330330330160e+00 6.537878625712159174e-04
1.338373373373373143e+00 6.468872226097541591e-04
1.343916416416416126e+00 6.400755536233794941e-04
1.349459459459459332e+00 6.333514580073869955e-04
1.355002502502502315e+00 6.267135646901923806e-04
1.360545545545545298e+00 6.201605285324941633e-04
1.366088588588588282e+00 6.136910297424363545e-04
1.371631631631631487e+00 6.073037733062118266e-04
1.377174674674674471e+00 6.009974884337017202e-04
1.382717717717717454e+00 5.947709280186277633e-04
1.388260760760760437e+00 5.886228681128317453e-04
1.393803803803803643e+00 5.825521074142442357e-04
1.399346846846846626e+00 5.765574667680965076e-04
1.404889889889889609e+00 5.706377886810300214e-04
1.410432932932932593e+00 5.647919368476942911e-04
1.415975975975975798e+00 5.590187956894585421e-04
1.421519019019018781e+00 5.533172699048872871e-04
1.427062062062061765e+00 5.476862840316472966e-04
1.432605105105104970e+00 5.421247820194763584e-04
1.438148148148147953e+00 5.366317268139373558e-04
1.443691191191190937e+00 5.312060999505956475e-04
1.449234234234233920e+00 5.258469011593676747e-04
1.454777277277277125e+00 5.205531479786994859e-04
1.460320320320320109e+00 5.153238753793302606e-04
1.465863363363363092e+00 5.101581353973590454e-04
1.471406406406406076e+00 5.050549967763259818e-04
1.476949449449449281e+00 5.000135446180847864e-04
1.482492492492492264e+00 4.950328800422035659e-04
1.488035535535535248e+00 4.901121198536487200e-04
1.493578578578578231e+00 4.852503962185321091e-04
1.499121621621621436e+00 4.804468563476844284e-04
1.504664664664664420e+00 4.757006621878507387e-04
1.510207707707707403e+00 4.710109901202802572e-04
1.515750750750750608e+00 4.663770306665261461e-04
1.521293793793793592e+00 4.617979882012375925e-04
1.526836836836836575e+00 4.572730806717660991e-04
1.532379879879879558e+00 4.528015393243935388e-04
1.537922922922922764e+00 4.483826084370119182e-04
1.543465965965965747e+00 4.440155450580564388e-04
1.549009009009008730e+00 4.396996187515600724e-04
1.554552052052051714e+00 4.354341113481256039e-04
1.560095095095094919e+00 4.312183167016878007e-04
1.565638138138137903e+00 4.270515404518938646e-04
1.571181181181180886e+00 4.229330997919583993e-04
1.576724224224223869e+00 4.188623232418480988e-04
1.582267267267267075e+00 4.148385504266566205e-04
1.587810310310310058e+00 4.108611318600272869e-04
1.593353353353353041e+00 4.069294287324988772e-04
1.598896396396396025e+00 4.030428127046430521e-04
1.604439439439439230e+00 3.992006657048648220e-04
1.609982482482482213e+00 3.954023797317568283e-04
1.615525525525525197e+00 3.916473566608708263e-04
1.621068568568568402e+00 3.879350080558128578e-04
1.626611611611611385e+00 3.842647549835379191e-04
1.632154654654654369e+00 3.806360278337432915e-04
1.637697697697697352e+00 3.770482661422533627e-04
1.643240740740740558e+00 3.735009184680155897e-04
1.648783783783783541e+00 3.699934429514393011e-04
1.654326826826826524e+00 3.665253069407115949e-04
1.659869869869869508e+00 3.630959861978416171e-04
1.665412912912912713e+00 3.597049647258272428e-04
1.670955955955955696e+00 3.563517346172137708e-04
1.676498998998998680e+00 3.530357959058753555e-04
1.682042042042041663e+00 3.497566564219306497e-04
1.687585085085084868e+00 3.465138316497291793e-04
1.693128128128127852e+00 3.433068445888255629e-04
1.698671171171170835e+00 3.401352256178727276e-04
1.704214214214214040e+00 3.369985123613631630e-04
1.709757257257257024e+00 3.338962495591513689e-04
1.715300300300300007e+00 3.308279889386942906e-04
1.720843343343342990e+00 3.277932890899302684e-04
1.726386386386386196e+00 3.247917153427574153e-04
1.731929429429429179e+00 3.218228396470337416e-04
1.737472472472472163e+00 3.188862404550392307e-04
1.743015515515515146e+00 3.159815026063514582e-04
1.748558558558558351e+00 3.131082172150699713e-04
1.754101601601601335e+00 3.102659815593438938e-04
1.759644644644644318e+00 3.074543989731348312e-04
1.765187687687687301e+00 3.046730787401774523e-04
1.770730730730730507e+00 3.019216359900810456e-04
1.776273773773773490e+00 2.991996915965196291e-04
1.781816816816816473e+00 2.965068720774694118e-04
1.787359859859859679e+00 2.938428094974391831e-04
1.792902902902902662e+00 2.912071413716599624e-04
1.798445945945945645e+00 2.885995105721709739e-04
1.803988988988988629e+00 2.860195652357764651e-04
1.809532032032031834e+00 2.834669586738247453e-04
1.815075075075074817e+00 2.809413492837621162e-04
1.820618118118117801e+00 2.784424004624332896e-04
1.826161161161160784e+00 2.759697805210752216e-04
1.831704204204203990e+00 2.735231626019883145e-04
1.837247247247246973e+00 2.711022245968131060e-04
1.842790290290289956e+00 2.687066490664204686e-04
1.848333333333332940e+00 2.663361231623386101e-04
1.853876376376376145e+00 2.639903385497061441e-04
1.859419419419419128e+00 2.616689913317174010e-04
1.864962462462462112e+00 2.593717819755159094e-04
1.870505505505505317e+00 2.570984152395096984e-04
1.876048548548548300e+00 2.548486001020826741e-04
1.881591591591591284e+00 2.526220496916665070e-04
1.887134634634634267e+00 2.504184812181363840e-04
1.892677677677677472e+00 2.482376159055217353e-04
1.898220720720720456e+00 2.460791789259805448e-04
1.903763763763763439e+00 2.439428993350256159e-04
1.909306806806806422e+00 2.418285100079726514e-04
1.914849849849849628e+00 2.397357475775777037e-04
1.920392892892892611e+00 2.376643523728475958e-04
1.925935935935935595e+00 2.356140683589898665e-04
1.931478978978978578e+00 2.335846430784869511e-04
1.937022022022021783e+00 2.315758275932619102e-04
1.942565065065064767e+00 2.295873764279192538e-04
1.948108108108107750e+00 2.276190475140322633e-04
1.953651151151150955e+00 2.256706021354622856e-04
1.959194194194193939e+00 2.237418048746853312e-04
1.964737237237236922e+00 2.218324235600936147e-04
1.970280280280279905e+00 2.199422292142759938e-04
1.975823323323323111e+00 2.180709960032351327e-04
1.981366366366366094e+00 2.162185011865271577e-04
1.986909409409409077e+00 2.143845250683152964e-04
1.992452452452452061e+00 2.125688509493054606e-04
1.997995495495495266e+00 2.107712650795484589e-04
2.003538538538538027e+00 2.089915566121033647e-04
2.009081581581581233e+00 2.072295175575205944e-04
2.014624624624624438e+00 2.054849427391544278e-04
2.020167667667667200e+00 2.037576297492672134e-04
2.025710710710710405e+00 2.020473789059226818e-04
2.031253753753753610e+00 2.003539932106431626e-04
2.036796796796796372e+00 1.986772783068207809e-04
2.042339839839839577e+00 1.970170424388681353e-04
2.047882882882882782e+00 1.953730964120878820e-04
2.053425925925925544e+00 1.937452535532524999e-04
2.058968968968968749e+00 1.921333296718763983e-04
2.064512012012011510e+00 1.905371430221705316e-04
2.070055055055054716e+00 1.889565142656594605e-04
2.075598098098097921e+00 1.873912664344561444e-04
2.081141141141140682e+00 1.858412248951738931e-04
2.086684184184183888e+00 1.843062173134653119e-04
2.092227227227227093e+00 1.827860736191791338e-04
2.097770270270269855e+00 1.812806259721216028e-04
2.103313313313313060e+00 1.797897087284022961e-04
2.108856356356355821e+00 1.783131584073663920e-04
2.114399399399399027e+00 1.768508136590937849e-04
2.119942442442442232e+00 1.754025152324539360e-04
2.125485485485484993e+00 1.739681059437074866e-04
2.131028528528528199e+00 1.725474306456472348e-04
2.136571571571571404e+00 1.711403361972605331e-04
2.142114614614614165e+00 1.697466714339084697e-04
2.147657657657657371e+00 1.683662871380111833e-04
2.153200700700700576e+00 1.669990360102316124e-04
2.158743743743743337e+00 1.656447726411396819e-04
2.164286786786786543e+00 1.643033534833586071e-04
2.169829829829829304e+00 1.629746368241770794e-04
2.175372872872872509e+00 1.616584827586222111e-04
2.180915915915915715e+00 1.603547531629798215e-04
2.186458958958958476e+00 1.590633116687605476e-04
2.192002002002001682e+00 1.577840236370974664e-04
2.197545045045044887e+00 1.565167561335680478e-04
2.203088088088087648e+00 1.552613779034358558e-04
2.208631131131130854e+00 1.540177593473005056e-04
2.214174174174173615e+00 1.527857724971505386e-04
2.219717217217216820e+00 1.515652909928097533e-04
2.225260260260260026e+00 1.503561900587700544e-04
2.230803303303302787e+00 1.491583464814083537e-04
2.236346346346345992e+00 1.479716385865681699e-04
2.241889389389389198e+00 1.467959462175173909e-04
2.247432432432431959e+00 1.456311507132573195e-04
2.252975475475475164e+00 1.444771348871883932e-04
2.258518518518518370e+00 1.433337830061212224e-04
2.264061561561561131e+00 1.422009807696251148e-04
2.269604604604604337e+00 1.410786152897151673e-04
2.275147647647647098e+00 1.399665750708622622e-04
2.280690690690690303e+00 1.388647499903276450e-04
2.286233733733733509e+00 1.377730312788099970e-04
2.291776776776776270e+00 1.366913115014080111e-04
2.297319819819819475e+00 1.356194845388809323e-04
2.302862862862862681e+00 1.345574455692111042e-04
2.308405905905905442e+00 1.335050910494639379e-04
2.313948948948948647e+00 1.324623186979257631e-04
2.319491991991991853e+00 1.314290274765391559e-04
2.325035035035034614e+00 1.304051175736005365e-04
2.330578078078077819e+00 1.293904903867456485e-04
2.336121121121120581e+00 1.283850485061928349e-04
2.341664164164163786e+00 1.273886956982527572e-04
2.347207207207206991e+00 1.264013368891003547e-04
2.352750250250249753e+00 1.254228781487972831e-04
2.358293293293292958e+00 1.244532266755636097e-04
2.363836336336336164e+00 1.234922907802984970e-04
2.369379379379378925e+00 1.225399798713380003e-04
2.374922422422422130e+00 1.215962044394531248e-04
2.380465465465464892e+00 1.206608760430766904e-04
2.386008508508508097e+00 1.197339072937634349e-04
2.391551551551551302e+00 1.188152118418714576e-04
2.397094594594594064e+00 1.179047043624629560e-04
2.402637637637637269e+00 1.170023005414279148e-04
2.408180680680680474e+00 1.161079170618148110e-04
2.413723723723723236e+00 1.152214715903725878e-04
2.419266766766766441e+00 1.143428827643009320e-04
2.424809809809809646e+00 1.134720701781992034e-04
2.430352852852852408e+00 1.126089543712161190e-04
2.435895895895895613e+00 1.117534568143952427e-04
2.441438938938938374e+00 1.109054998982106859e-04
2.446981981981981580e+00 1.100650069202950364e-04
2.452525025025024785e+00 1.092319020733468181e-04
2.458068068068067547e+00 1.084061104332278752e-04
2.463611111111110752e+00 1.075875578401551841e-04
2.469154154154153957e+00 1.067761696971684357e-04
2.474697197197196719e+00 1.059718714518800511e-04
2.480240240240239924e+00 1.051745894701187331e-04
2.485783283283283129e+00 1.043842510384770971e-04
2.491326326326325891e+00 1.036007843505265422e-04
2.496869369369369096e+00 1.028241184932771919e-04
2.502412412412411857e+00 1.020541834338721863e-04
2.507955455455455063e+00 1.012909100065186946e-04
2.513498498498498268e+00 1.005342298996421397e-04
2.519041541541541029e+00 9.978407564326834730e-05
2.524584584584584235e+00 9.904038059662104620e-05
2.530127627627627440e+00 9.830307893593523221e-05
2.535670670670670201e+00 9.757210564248334789e-05
2.541213713713713407e+00 9.684739649080248685e-05
2.546756756756756168e+00 9.612888803712820623e-05
2.552299799799799374e+00 9.541651760802433591e-05
2.557842842842842579e+00 9.471022328920657531e-05
2.563385885885885340e+00 9.400994391455907810e-05
2.568928928928928546e+00 9.331561905533390124e-05
2.574471971971971751e+00 9.262718900953669280e-05
2.580015015015014512e+00 9.194459479149006700e-05
2.585558058058057718e+00 9.126777812157352797e-05
2.591101101101100923e+00 9.059668141613639160e-05
2.596644144144143684e+00 8.993124777757846046e-05
2.602187187187186890e+00 8.927142098459804544e-05
2.607730230230229651e+00 8.861714548260336301e-05
2.613273273273272856e+00 8.796836637428023385e-05
2.618816316316316062e+00 8.732502941032119204e-05
2.624359359359358823e+00 8.668708098030384820e-05
2.629902402402402029e+00 8.605446810372265379e-05
2.635445445445445234e+00 8.542713842116781862e-05
2.640988488488487995e+00 8.480504018564769550e-05
2.646531531531531201e+00 8.418812225405658350e-05
2.652074574574573962e+00 8.357633407877909995e-05
2.657617617617617167e+00 8.296962569943282901e-05
2.663160660660660373e+00 8.236794773474608879e-05
2.668703703703703134e+00 8.177125137456546402e-05
2.674246746746746339e+00 8.117948837199548938e-05
2.679789789789789545e+00 8.059261103566235196e-05
2.685332832832832306e+00 8.001057222210533994e-05
2.690875875875875511e+00 7.943332532828867830e-05
2.696418918918918717e+00 7.886082428423277582e-05
2.701961961961961478e+00 7.829302354576622518e-05
2.707505005005004683e+00 7.772987808739011280e-05
2.713048048048047445e+00 7.717134339525851450e-05
2.718591091091090650e+00 7.661737546026918674e-05
2.724134134134133856e+00 7.606793077126355906e-05
2.729677177177176617e+00 7.552296630833556679e-05
2.735220220220219822e+00 7.498243953624417419e-05
2.740763263263263028e+00 7.444630839793048239e-05
2.746306306306305789e+00 7.391453130813747073e-05
2.751849349349348994e+00 7.338706714712665206e-05
2.757392392392392200e+00 7.286387525449704978e-05
2.762935435435434961e+00 7.234491542309616930e-05
2.768478478478478166e+00 7.183014789302877821e-05
2.774021521521520928e+00 7.131953334575757248e-05
2.779564564564564133e+00 7.081303289829360111e-05
2.785107607607607338e+00 7.031060809747940359e-05
2.790650650650650100e+00 6.981222091435699975e-05
2.796193693693693305e+00 6.931783373862452670e-05
2.801736736736736511e+00 6.882740937317673874e-05
2.807279779779779272e+00 6.834091102872942461e-05
2.812822822822822477e+00 6.785830231852560065e-05
2.818365865865865239e+00 6.737954725312297844e-05
2.823908908908908444e+00 6.690461023525790939e-05
2.829451951951951649e+00 6.643345605479185063e-05
2.834994994994994411e+00 6.596604988372917146e-05
2.840538038038037616e+00 6.550235727131299517e-05
2.846081081081080821e+00 6.504234413919426526e-05
2.851624124124123583e+00 6.458597677667354798e-05
2.857167167167166788e+00 6.413322183601227809e-05
2.862710210210209993e+00 6.368404632781679521e-05
2.868253253253252755e+00 6.323841761648878754e-05
2.873796296296295960e+00 6.279630341574467733e-05
2.879339339339338721e+00 6.235767178420146791e-05
2.884882382382381927e+00 6.192249112102604365e-05
2.890425425425425132e+00 6.149073016165305927e-05
2.895968468468467893e+00 6.106235797356014282e-05
2.901511511511511099e+00 6.063734395210972956e-05
2.907054554554554304e+00 6.021565781644980204e-05
2.912597597597597066e+00 5.979726960547529117e-05
2.918140640640640271e+00 5.938214967384770578e-05
2.923683683683683032e+00 5.897026868807453561e-05
2.929226726726726238e+00 5.856159762264234259e-05
2.934769769769769443e+00 5.815610775620987631e-05
2.940312812812812204e+00 5.775377066785333281e-05
2.945855855855855410e+00 5.735455823336725329e-05
2.951398898898898615e+00 5.695844262161719345e-05
2.956941941941941376e+00 5.656539629094786334e-05
2.962484984984984582e+00 5.617539198563905342e-05
2.968028028028027787e+00 5.578840273241535060e-05
2.973571071071070548e+00 5.540440183700261049e-05
2.979114114114113754e+00 5.502336288073765721e-05
2.984657157157156515e+00 5.464525971722173752e-05
2.990200200200199721e+00 5.427006646902457336e-05
2.995743243243242926e+00 5.389775752443347643e-05
3.001286286286285687e+00 5.352830753424873126e-05
3.006829329329328893e+00 5.316169140862572078e-05
3.012372372372372098e+00 5.279788431395746566e-05
3.017915415415414859e+00 5.243686166980608140e-05
3.023458458458458065e+00 5.207859914587259590e-05
3.029001501501501270e+00 5.172307265901226965e-05
3.034544544544544031e+00 5.137025837028961123e-05
3.040087587587587237e+00 5.102013268207571735e-05
3.045630630630629998e+00 5.067267223518451551e-05
3.051173673673673203e+00 5.032785390605046369e-05
3.056716716716716409e+00 4.998565480394284201e-05
3.062259759759759170e+00 4.964605226822159633e-05
3.067802802802802375e+00 4.930902386562744272e-05
3.073345845845845581e+00 4.897454738761214155e-05
3.078888888888888342e+00 4.864260084770343222e-05
3.084431931931931548e+00 4.831316247890751514e-05
3.089974974974974309e+00 4.798621073114588262e-05
3.095518018018017514e+00 4.766172426872675606e-05
3.101061061061060720e+00 4.733968196785268140e-05
3.106604104104103481e+00 4.702006291415983063e-05
3.112147147147146686e+00 4.670284640029233656e-05
3.117690190190189892e+00 4.638801192350792724e-05
3.123233233233232653e+00 4.607553918331657426e-05
3.128776276276275858e+00 4.576540807915140287e-05
3.134319319319319064e+00 4.545759870806994620e-05
3.139862362362361825e+00 4.515209136248647545e-05
3.145405405405405030e+00 4.484886652793483000e-05
3.150948448448447792e+00 4.454790488086059555e-05
3.156491491491490997e+00 4.424918728644401938e-05
3.162034534534534203e+00 4.395269479644992901e-05
3.167577577577576964e+00 4.365840864710769686e-05
3.173120620620620169e+00 4.336631025701804561e-05
3.178663663663663375e+00 4.307638122508906611e-05
3.184206706706706136e+00 4.278860332849756490e-05
3.189749749749749341e+00 4.250295852067886534e-05
3.195292792792792103e+00 4.221942892934161981e-05
3.200835835835835308e+00 4.193799685451006591e-05
3.206378878878878513e+00 4.165864476659062289e-05
3.211921921921921275e+00 4.138135530446387207e-05
3.217464964964964480e+00 4.110611127360276802e-05
3.223008008008007685e+00 4.083289564421287957e-05
3.228551051051050447e+00 4.056169154939939689e-05
3.234094094094093652e+00 4.029248228335543646e-05
3.239637137137136857e+00 4.002525129957592643e-05
3.245180180180179619e+00 3.975998220909259320e-05
3.250723223223222824e+00 3.949665877873303094e-05
3.256266266266265585e+00 3.923526492940167189e-05
3.261809309309308791e+00 3.897578473438254243e-05
3.267352352352351996e+00 3.871820241766387257e-05
3.272895395395394758e+00 3.846250235228464018e-05
3.278438438438437963e+00 3.820866905870115945e-05
3.283981481481481168e+00 3.795668720317514329e-05
3.289524524524523930e+00 3.770654159618273832e-05
3.295067567567567135e+00 3.745821719084155077e-05
3.300610610610610340e+00 3.721169908136075916e-05
3.306153653653653102e+00 3.696697250150810665e-05
3.311696696696696307e+00 3.672402282309726281e-05
3.317239739739739068e+00 3.648283555449412507e-05
3.322782782782782274e+00 3.624339633914233085e-05
3.328325825825825479e+00 3.600569095410645581e-05
3.333868868868868240e+00 3.576970530863311489e-05
3.339411911911911446e+00 3.553542544273177554e-05
3.344954954954954651e+00 3.530283752577134616e-05
3.350497997997997413e+00 3.507192785509496546e-05
3.356041041041040618e+00 3.484268285465224756e-05
3.361584084084083379e+00 3.461508907364795951e-05
3.367127127127126585e+00 3.438913318520798508e-05
3.372670170170169790e+00 3.416480198506079933e-05
3.378213213213212551e+00 3.394208239023608048e-05
3.383756256256255757e+00 3.372096143777934753e-05
3.389299299299298962e+00 3.350142628348100430e-05
3.394842342342341723e+00 3.328346420062329306e-05
3.400385385385384929e+00 3.306706257873981143e-05
3.405928428428428134e+00 3.285220892239302696e-05
3.411471471471470895e+00 3.263889084996369767e-05
3.417014514514514101e+00 3.242709609245782951e-05
3.422557557557556862e+00 3.221681249232616996e-05
3.428100600600600067e+00 3.200802800229864321e-05
3.433643643643643273e+00 3.180073068423281232e-05
3.439186686686686034e+00 3.159490870797699831e-05
3.444729729729729240e+00 3.139055035024512910e-05
3.450272772772772445e+00 3.118764399350766158e-05
3.455815815815815206e+00 3.098617812489361695e-05
3.461358858858858412e+00 3.078614133510696122e-05
3.466901901901901617e+00 3.058752231735574554e-05
3.472444944944944378e+00 3.039030986629403331e-05
3.477987987987987584e+00 3.019449287697582464e-05
3.483531031031030345e+00 3.000006034382260786e-05
3.489074074074073550e+00 2.980700135960203097e-05
3.494617117117116756e+00 2.961530511441915313e-05
3.500160160160159517e+00 2.942496089472003914e-05
3.505703203203202722e+00 2.923595808230621966e-05
3.511246246246245928e+00 2.904828615336121661e-05
3.516789289289288689e+00 2.886193467748945891e-05
3.522332332332331895e+00 2.867689331676399040e-05
3.527875375375374656e+00 2.849315182478854018e-05
3.533418418418417861e+00 2.831070004576798519e-05
3.538961461461461067e+00 2.812952791359101017e-05
3.544504504504503828e+00 2.794962545092315561e-05
3.550047547547547033e+00 2.777098276831010121e-05
3.555590590590590239e+00 2.759359006329206926e-05
3.561133633633633000e+00 2.741743761952787734e-05
3.566676676676676205e+00 2.724251580592916222e-05
3.572219719719719411e+00 2.706881507580535435e-05
3.577762762762762172e+00 2.689632596601743432e-05
3.583305805805805377e+00 2.672503909614232809e-05
3.588848848848848139e+00 2.655494516764650436e-05
3.594391891891891344e+00 2.638603496306914347e-05
3.599934934934934549e+00 2.621829934521424410e-05
3.605477977977977311e+00 2.605172925635353142e-05
3.611021021021020516e+00 2.588631571743600933e-05
3.616564064064063722e+00 2.572204982730897811e-05
3.622107107107106483e+00 2.555892276194596054e-05
3.627650150150149688e+00 2.539692577368463311e-05
3.633193193193192450e+00 2.523605019047314290e-05
3.638736236236235655e+00 2.507628741512510140e-05
3.644279279279278860e+00 2.491762892458176465e-05
3.649822322322321622e+00 2.476006626918457086e-05
3.655365365365364827e+00 2.460359107195453891e-05
3.660908408408408032e+00 2.444819502787985615e-05
3.666451451451450794e+00 2.429386990321228532e-05
3.671994494494493999e+00 2.414060753476987689e-05
3.677537537537537204e+00 2.398839982924977802e-05
3.683080580580579966e+00 2.383723876254655735e-05
3.688623623623623171e+00 2.368711637907942372e-05
3.694166666666665932e+00 2.353802479112642436e-05
3.699709709709709138e+00 2.338995617816634092e-05
3.705252752752752343e+00 2.324290278622757530e-05
3.710795795795795105e+00 2.309685692724452319e-05
3.716338838838838310e+00 2.295181097842100503e-05
3.721881881881881515e+00 2.280775738160083590e-05
3.727424924924924277e+00 2.266468864264495811e-05
3.732967967967967482e+00 2.252259733081582782e-05
3.738511011011010687e+00 2.238147607816856101e-05
3.744054054054053449e+00 2.224131757894867945e-05
3.749597097097096654e+00 2.210211458899620613e-05
3.755140140140139415e+00 2.196385992515667579e-05
3.760683183183182621e+00 2.182654646469861683e-05
3.766226226226225826e+00 2.169016714473691497e-05
3.771769269269268587e+00 2.155471496166299050e-05
3.777312312312311793e+00 2.142018297058077933e-05
3.782855355355354998e+00 2.128656428474921935e-05
3.788398398398397759e+00 2.115385207503052360e-05
3.793941441441440965e+00 2.102203956934410833e-05
3.799484484484483726e+00 2.089112005212762592e-05
3.805027527527526932e+00 2.076108686380208392e-05
3.810570570570570137e+00 2.063193340024434340e-05
3.816113613613612898e+00 2.050365311226423875e-05
3.821656656656656104e+00 2.037623950508779273e-05
3.827199699699699309e+00 2.024968613784586941e-05
3.832742742742742070e+00 2.012398662306840407e-05
3.838285785785785276e+00 1.999913462618355597e-05
3.843828828828828481e+00 1.987512386502309197e-05
3.849371871871871242e+00 1.975194810933238130e-05
3.854914914914914448e+00 1.962960118028556414e-05
3.860457957957957209e+00 1.950807695000638162e-05
3.866001001001000414e+00 1.938736934109365785e-05
3.871544044044043620e+00 1.926747232615213512e-05
3.877087087087086381e+00 1.914837992732783907e-05
3.882630130130129587e+00 1.903008621584875983e-05
3.888173173173172792e+00 1.891258531157043239e-05
3.893716216216215553e+00 1.879587138252572842e-05
3.899259259259258759e+00 1.867993864448005896e-05
3.904802302302301964e+00 1.856478136049094098e-05
3.910345345345344725e+00 1.845039384047216167e-05
3.915888388388387931e+00 1.833677044076247604e-05
3.921431431431430692e+00 1.822390556369903096e-05
3.926974474474473897e+00 1.811179365719517347e-05
3.932517517517517103e+00 1.800042921432240948e-05
3.938060560560559864e+00 1.788980677289709917e-05
3.943603603603603069e+00 1.777992091507098768e-05
3.949146646646646275e+00 1.767076626692673673e-05
3.954689689689689036e+00 1.756233749807679692e-05
3.960232732732732241e+00 1.745462932126689806e-05
3.965775775775775003e+00 1.734763649198366281e-05
3.971318818818818208e+00 1.724135380806597788e-05
3.976861861861861414e+00 1.713577610932082046e-05
3.982404904904904175e+00 1.703089827714264232e-05
3.987947947947947380e+00 1.692671523413680267e-05
3.993490990990990586e+00 1.682322194374686008e-05
3.999034034034033347e+00 1.672041340988577441e-05
4.004577077077076552e+00 1.661828467657080501e-05
4.010120120120119758e+00 1.651683082756211912e-05
4.015663163163162963e+00 1.641604698600509661e-05
4.021206206206206168e+00 1.631592831407625323e-05
4.026749249249249374e+00 1.621647001263302302e-05
4.032292292292292579e+00 1.611766732086677295e-05
4.037835335335334896e+00 1.601951551595935476e-05
4.043378378378378102e+00 1.592200991274344478e-05
4.048921421421421307e+00 1.582514586336604480e-05
4.054464464464464513e+00 1.572891875695535082e-05
4.060007507507507718e+00 1.563332401929135550e-05
4.065550550550550035e+00 1.553835711247930675e-05
4.071093593593593241e+00 1.544401353462673072e-05
4.076636636636636446e+00 1.535028881952371752e-05
4.082179679679679651e+00 1.525717853632619522e-05
4.087722722722722857e+00 1.516467828924259380e-05
4.093265765765766062e+00 1.507278371722365824e-05
4.098808808808808379e+00 1.498149049365501119e-05
4.104351851851851585e+00 1.489079432605348819e-05
4.109894894894894790e+00 1.480069095576560590e-05
4.115437937937937996e+00 1.471117615766981637e-05
4.120980980980981201e+00 1.462224573988128564e-05
4.126524024024023518e+00 1.453389554345977236e-05
4.132067067067066723e+00 1.444612144212013565e-05
4.137610110110109929e+00 1.435891934194631922e-05
4.143153153153153134e+00 1.427228518110746821e-05
4.148696196196196340e+00 1.418621492957722083e-05
4.154239239239238657e+00 1.410070458885590696e-05
4.159782282282281862e+00 1.401575019169485413e-05
4.165325325325325068e+00 1.393134780182426978e-05
4.170868368368368273e+00 1.384749351368311731e-05
4.176411411411411478e+00 1.376418345215212286e-05
4.181954454454454684e+00 1.368141377228875901e-05
4.187497497497497001e+00 1.359918065906569121e-05
4.193040540540540206e+00 1.351748032711101305e-05
4.198583583583583412e+00 1.343630902045144453e-05
4.204126626626626617e+00 1.335566301225795961e-05
4.209669669669669823e+00 1.327553860459367020e-05
4.215212712712712140e+00 1.319593212816462405e-05
4.220755755755755345e+00 1.311683994207236941e-05
4.226298798798798551e+00 1.303825843356973855e-05
4.231841841841841756e+00 1.296018401781808132e-05
4.237384884884884961e+00 1.288261313764774454e-05
4.242927927927928167e+00 1.280554226332008797e-05
4.248470970970970484e+00 1.272896789229237503e-05
4.254014014014013689e+00 1.265288654898465582e-05
4.259557057057056895e+00 1.257729478454885573e-05
4.265100100100100100e+00 1.250218917664027309e-05
4.270643143143143305e+00 1.242756632919106900e-05
4.276186186186185623e+00 1.235342287218619153e-05
4.281729229229228828e+00 1.227975546144112104e-05
4.287272272272272033e+00 1.220656077838197879e-05
4.292815315315315239e+00 1.213383552982763950e-05
4.298358358358358444e+00 1.206157644777405647e-05
4.303901401401401650e+00 1.198978028918025701e-05
4.309444444444443967e+00 1.191844383575711275e-05
4.314987487487487172e+00 1.184756389375712471e-05
4.320530530530530378e+00 1.177713729376716445e-05
4.326073573573573583e+00 1.170716089050255705e-05
4.331616616616616788e+00 1.163763156260333914e-05
4.337159659659659106e+00 1.156854621243250073e-05
4.342702702702702311e+00 1.149990176587587034e-05
4.348245745745745516e+00 1.143169517214427345e-05
4.353788788788788722e+00 1.136392340357730720e-05
4.359331831831831927e+00 1.129658345544888362e-05
4.364874874874875132e+00 1.122967234577492099e-05
4.370417917917917450e+00 1.116318711512251068e-05
4.375960960960960655e+00 1.109712482642103729e-05
4.381504004004003860e+00 1.103148256477513343e-05
4.387047047047047066e+00 1.096625743727914226e-05
4.392590090090090271e+00 1.090144657283367724e-05
4.398133133133132588e+00 1.083704712196348632e-05
4.403676176176175794e+00 1.077305625663737785e-05
4.409219219219218999e+00 1.070947117008951184e-05
4.414762262262262205e+00 1.064628907664268858e-05
4.420305305305305410e+00 1.058350721153293151e-05
4.425848348348347727e+00 1.052112283073595555e-05
4.431391391391390933e+00 1.045913321079514490e-05
4.436934434434434138e+00 1.039753564865108258e-05
4.442477477477477343e+00 1.033632746147279941e-05
4.448020520520520549e+00 1.027550598649046811e-05
4.453563563563563754e+00 1.021506858082955759e-05
4.459106606606606071e+00 1.015501262134671866e-05
4.464649649649649277e+00 1.009533550446715537e-05
4.470192692692692482e+00 1.003603464602323139e-05
4.475735735735735688e+00 9.977107481094992287e-06
4.481278778778778893e+00 9.918551463851678929e-06
4.486821821821821210e+00 9.860364067395104297e-06
4.492364864864864415e+00 9.802542783604160264e-06
4.497907907907907621e+00 9.745085122980911706e-06
4.503450950950950826e+00 9.687988614498152596e-06
4.508993993993994032e+00 9.631250805448181824e-06
4.514537037037037237e+00 9.574869261292885141e-06
4.520080080080079554e+00 9.518841565515633141e-06
4.525623123123122760e+00 9.463165319474012727e-06
4.531166166166165965e+00 9.407838142254174713e-06
4.536709209209209170e+00 9.352857670526407927e-06
4.542252252252252376e+00 9.298221558402165138e-06
4.547795295295294693e+00 9.243927477292052894e-06
4.553338338338337898e+00 9.189973115765518824e-06
4.558881381381381104e+00 9.136356179411560455e-06
4.564424424424424309e+00 9.083074390700618189e-06
4.569967467467467515e+00 9.030125488848155557e-06
4.575510510510510720e+00 8.977507229678744320e-06
4.581053553553553037e+00 8.925217385492063854e-06
4.586596596596596243e+00 8.873253744929769589e-06
4.592139639639639448e+00 8.821614112843440580e-06
4.597682682682682653e+00 8.770296310164144899e-06
4.603225725725725859e+00 8.719298173772679271e-06
4.608768768768768176e+00 8.668617556371353695e-06
4.614311811811811381e+00 8.618252326356592608e-06
4.619854854854854587e+00 8.568200367693026829e-06
4.625397897897897792e+00 8.518459579788437605e-06
4.630940940940940997e+00 8.469027877369922100e-06
4.636483983983984203e+00 8.419903190361087162e-06
4.642027027027026520e+00 8.371083463760508567e-06
4.647570070070069725e+00 8.322566657520974616e-06
4.653113113113112931e+00 8.274350746430261165e-06
4.658656156156156136e+00 8.226433719992303064e-06
4.664199199199199342e+00 8.178813582310210441e-06
4.669742242242241659e+00 8.131488351969542476e-06
4.675285285285284864e+00 8.084456061923183767e-06
4.680828328328328070e+00 8.037714759376971165e-06
4.686371371371371275e+00 7.991262505676376010e-06
4.691914414414414480e+00 7.945097376194201121e-06
4.697457457457456798e+00 7.899217460219295903e-06
4.703000500500500003e+00 7.853620860846135450e-06
4.708543543543543208e+00 7.808305694865580389e-06
4.714086586586586414e+00 7.763270092656253383e-06
4.719629629629629619e+00 7.718512198077223438e-06
4.725172672672672824e+00 7.674030168361523703e-06
4.730715715715715142e+00 7.629822174010424815e-06
4.736258758758758347e+00 7.585886398688834799e-06
4.741801801801801552e+00 7.542221039121566333e-06
4.747344844844844758e+00 7.498824304990346011e-06
4.752887887887887963e+00 7.455694418832138203e-06
4.758430930930930280e+00 7.412829615937771304e-06
4.763973973973973486e+00 7.370228144251848087e-06
4.769517017017016691e+00 7.327888264273583552e-06
4.775060060060059897e+00 7.285808248958143382e-06
4.780603103103103102e+00 7.243986383619086917e-06
4.786146146146146307e+00 7.202420965831687664e-06
4.791689189189188625e+00 7.161110305336902630e-06
4.797232232232231830e+00 7.120052723946303036e-06
4.802775275275275035e+00 7.079246555447935927e-06
4.808318318318318241e+00 7.038690145512638933e-06
4.813861361361361446e+00 6.998381851601512938e-06
4.819404404404403763e+00 6.958320042874110481e-06
4.824947447447446969e+00 6.918503100097177272e-06
4.830490490490490174e+00 6.878929415554647323e-06
4.836033533533533380e+00 6.839597392957837122e-06
4.841576576576576585e+00 6.800505447356884952e-06
4.847119619619619790e+00 6.761652005052760261e-06
4.852662662662662107e+00 6.723035503509901533e-06
4.858205705705705313e+00 6.684654391269934967e-06
4.863748748748748518e+00 6.646507127865664215e-06
4.869291791791791724e+00 6.608592183736348448e-06
4.874834834834834929e+00 6.570908040143155766e-06
4.880377877877877246e+00 6.533453189085788896e-06
4.885920920920920452e+00 6.496226133219431070e-06
4.891463963963963657e+00 6.459225385772802366e-06
4.897007007007006862e+00 6.422449470466477777e-06
4.902550050050050068e+00 6.385896921432321675e-06
4.908093093093093273e+00 6.349566283133251765e-06
4.913636136136135590e+00 6.313456110283914452e-06
4.919179179179178796e+00 6.277564967771931952e-06
4.924722222222222001e+00 6.241891430579778749e-06
4.930265265265265207e+00 6.206434083707512708e-06
4.935808308308308412e+00 6.171191522095844155e-06
4.941351351351350729e+00 6.136162350550145164e-06
4.946894394394393935e+00 6.101345183664912850e-06
4.952437437437437140e+00 6.066738645749025493e-06
4.957980480480480345e+00 6.032341370751423862e-06
4.963523523523523551e+00 5.998152002187621791e-06
4.969066566566566756e+00 5.964169193066652129e-06
4.974609609609609073e+00 5.930391605818858030e-06
4.980152652652652279e+00 5.896817912223940041e-06
4.985695695695695484e+00 5.863446793339998461e-06
4.991238738738738689e+00 5.830276939432911968e-06
4.996781781781781895e+00 5.797307049906304089e-06
5.002324824824824212e+00 5.764535833232296562e-06
5.007867867867867417e+00 5.731962006882604897e-06
5.013410910910910623e+00 5.699584297260364935e-06
5.018953953953953828e+00 5.667401439632439663e-06
5.024496996996997034e+00 5.635412178062355384e-06
5.030040040040039351e+00 5.603615265343754573e-06
5.035583083083082556e+00 5.572009462934383211e-06
5.041126126126125762e+00 5.540593540890637159e-06
5.046669169169168967e+00 5.509366277802779388e-06
5.052212212212212172e+00 5.478326460730380818e-06
5.057755255255255378e+00 5.447472885138712383e-06
5.063298298298297695e+00 5.416804354835266684e-06
5.068841341341340900e+00 5.386319681907057223e-06
5.074384384384384106e+00 5.356017686658399600e-06
5.079927427427427311e+00 5.325897197549038295e-06
5.085470470470470516e+00 5.295957051133074745e-06
5.091013513513512834e+00 5.266196091998046198e-06
5.096556556556556039e+00 5.236613172704854129e-06
5.102099599599599244e+00 5.207207153727900194e-06
5.107642642642642450e+00 5.177976903395944688e-06
5.113185685685685655e+00 5.148921297833271644e-06
5.118728728728728861e+00 5.120039220901372304e-06
5.124271771771771178e+00 5.091329564141209660e-06
5.129814814814814383e+00 5.062791226715902275e-06
5.135357857857857589e+00 5.034423115353747768e-06
5.140900900900900794e+00 5.006224144291957799e-06
5.146443943943943999e+00 4.978193235220592962e-06
5.151986986986986317e+00 4.950329317227187156e-06
5.157530030030029522e+00 4.922631326741568472e-06
5.163073073073072727e+00 4.895098207481510172e-06
5.168616116116115933e+00 4.867728910398268165e-06
5.174159159159159138e+00 4.840522393623237407e-06
5.179702202202202344e+00 4.813477622414356748e-06
5.185245245245244661e+00 4.786593569103517496e-06
5.190788288288287866e+00 4.759869213043975379e-06
5.196331331331331072e+00 4.733303540558545162e-06
5.201874374374374277e+00 4.706895544887890981e-06
5.207417417417417482e+00 4.680644226139473974e-06
5.212960460460459799e+00 4.654548591236743005e-06
5.218503503503503005e+00 4.628607653868876818e-06
5.224046546546546210e+00 4.602820434440870919e-06
5.229589589589589416e+00 4.577185960023965827e-06
5.235132632632632621e+00 4.551703264306569132e-06
5.240675675675675826e+00 4.526371387545548564e-06
5.246218718718718144e+00 4.501189376517855397e-06
5.251761761761761349e+00 4.476156284472638291e-06
5.257304804804804554e+00 4.451271171083638343e-06
5.262847847847847760e+00 4.426533102402052555e-06
5.268390890890890965e+00 4.401941150809716624e-06
5.273933933933933282e+00 4.377494394972662131e-06
5.279476976976976488e+00 4.353191919795136197e-06
5.285020020020019693e+00 4.329032816373806655e-06
5.290563063063062899e+00 4.305016181952563520e-06
5.296106106106106104e+00 4.281141119877480554e-06
5.301649149149148421e+00 4.257406739552234228e-06
5.307192192192191627e+00 4.233812156393863191e-06
5.312735235235234832e+00 4.210356491788903822e-06
5.318278278278278037e+00 4.187038873049809539e-06
5.323821321321321243e+00 4.163858433371781763e-06
5.329364364364364448e+00 4.140814311789871935e-06
5.334907407407406765e+00 4.117905653136555330e-06
5.340450450450449971e+00 4.095131607999416678e-06
5.345993493493493176e+00 4.072491332679496476e-06
5.351536536536536381e+00 4.049983989149591548e-06
5.357079579579579587e+00 4.027608745013216306e-06
5.362622622622621904e+00 4.005364773463630919e-06
5.368165665665665109e+00 3.983251253243405647e-06
5.373708708708708315e+00 3.961267368604164761e-06
5.379251751751751520e+00 3.939412309266631996e-06
5.384794794794794726e+00 3.917685270381183380e-06
5.390337837837837931e+00 3.896085452488430553e-06
5.395880880880880248e+00 3.874612061480373299e-06
5.401423923923923454e+00 3.853264308561675738e-06
5.406966966966966659e+00 3.832041410211288961e-06
5.412510010010009864e+00 3.810942588144504795e-06
5.418053053053053070e+00 3.789967069275164163e-06
5.423596096096095387e+00 3.769114085678089898e-06
5.429139139139138592e+00 3.748382874552063783e-06
5.434682182182181798e+00 3.727772678182902691e-06
5.440225225225225003e+00 3.707282743906875228e-06
5.445768268268268208e+00 3.686912324074378000e-06
5.451311311311311414e+00 3.666660676013973981e-06
5.456854354354353731e+00 3.646527061996601558e-06
5.462397397397396936e+00 3.626510749200155848e-06
5.467940440440440142e+00 3.606611009674309728e-06
5.473483483483483347e+00 3.586827120305596596e-06
5.479026526526526553e+00 3.567158362782762908e-06
5.484569569569568870e+00 3.547604023562427348e-06
5.490112612612612075e+00 3.528163393834986056e-06
5.495655655655655281e+00 3.508835769490746137e-06
5.501198698698698486e+00 3.489620451086413644e-06
5.506741741741741691e+00 3.470516743811681519e-06
5.512284784784784897e+00 3.451523957456350740e-06
5.517827827827827214e+00 3.432641406377321444e-06
5.523370870870870419e+00 3.413868409466208319e-06
5.528913913913913625e+00 3.395204290117000038e-06
5.534456956956956830e+00 3.376648376193979157e-06
5.540000000000000036e+00 3.358199999999999035e-06
