2.500000000000000052e-03 1.265700000000000047e+00
3.700000000000000164e-03 1.081800000000000095e+00
5.599999999999999943e-03 8.852200000000000069e-01
8.399999999999999481e-03 6.919300000000000450e-01
1.260000000000000009e-02 5.182799999999999629e-01
1.899999999999999953e-02 3.691099999999999937e-01
2.840000000000000163e-02 2.543799999999999950e-01
4.270000000000000184e-02 1.678600000000000092e-01
6.400000000000000133e-02 1.069699999999999956e-01
9.600000000000000200e-02 6.535100000000000631e-02
1.439999999999999891e-01 3.815899999999999848e-02
2.159999999999999976e-01 2.125799999999999912e-02
3.240000000000000102e-01 1.126100000000000018e-02
4.859999999999999876e-01 5.608600000000000044e-03
7.289999999999999813e-01 2.578099999999999836e-03
1.090000000000000080e+00 1.070299999999999941e-03
1.639999999999999902e+00 3.755699999999999837e-04
2.459999999999999964e+00 1.081200000000000016e-04
3.689999999999999947e+00 2.364999999999999888e-05
5.540000000000000036e+00 3.358199999999999882e-06
