1.000000000000000021e-02
5.030303030303030776e-02
9.060606060606060663e-02
1.309090909090909194e-01
1.712121212121212321e-01
2.115151515151515449e-01
2.518181818181818299e-01
2.921212121212121704e-01
3.324242424242424554e-01
3.727272727272727404e-01
4.130303030303030809e-01
4.533333333333333659e-01
4.936363636363636509e-01
5.339393939393939359e-01
5.742424242424243319e-01
6.145454545454546169e-01
6.548484848484849019e-01
6.951515151515151869e-01
7.354545454545454719e-01
7.757575757575758679e-01
8.160606060606061529e-01
8.563636363636364379e-01
8.966666666666667229e-01
9.369696969696970079e-01
9.772727272727272929e-01
1.017575757575757578e+00
1.057878787878787863e+00
1.098181818181818370e+00
1.138484848484848655e+00
1.178787878787878940e+00
1.219090909090909225e+00
1.259393939393939510e+00
1.299696969696969795e+00
1.340000000000000080e+00
1.380303030303030365e+00
1.420606060606060650e+00
1.460909090909090935e+00
1.501212121212121220e+00
1.541515151515151727e+00
1.581818181818182012e+00
1.622121212121212297e+00
1.662424242424242582e+00
1.702727272727272867e+00
1.743030303030303152e+00
1.783333333333333437e+00
1.823636363636363722e+00
1.863939393939394007e+00
1.904242424242424292e+00
1.944545454545454577e+00
1.984848484848485084e+00
2.025151515151514925e+00
2.065454545454545432e+00
2.105757575757575495e+00
2.146060606060606002e+00
2.186363636363636509e+00
2.226666666666666572e+00
2.266969696969697079e+00
2.307272727272727142e+00
2.347575757575757649e+00
2.387878787878787712e+00
2.428181818181818219e+00
2.468484848484848282e+00
2.508787878787878789e+00
2.549090909090908852e+00
2.589393939393939359e+00
2.629696969696969866e+00
2.669999999999999929e+00
2.710303030303030436e+00
2.750606060606060499e+00
2.790909090909091006e+00
2.831212121212121069e+00
2.871515151515151576e+00
2.911818181818181639e+00
2.952121212121212146e+00
2.992424242424242209e+00
3.032727272727272716e+00
3.073030303030303223e+00
3.113333333333333286e+00
3.153636363636363793e+00
3.193939393939393856e+00
3.234242424242424363e+00
3.274545454545454426e+00
3.314848484848484933e+00
3.355151515151514996e+00
3.395454545454545503e+00
3.435757575757575566e+00
3.476060606060606073e+00
3.516363636363636580e+00
3.556666666666666643e+00
3.596969696969697150e+00
3.637272727272727213e+00
3.677575757575757720e+00
3.717878787878787783e+00
3.758181818181818290e+00
3.798484848484848353e+00
3.838787878787878860e+00
3.879090909090908923e+00
3.919393939393939430e+00
3.959696969696969937e+00
4.000000000000000000e+00
